    -6.729300577580769 
     2.533299092912168 
     0.177141010079281 
     0.941398917418438 
     0.488414078686640 
     0.479071058546509 
     0.283549864777770 
     0.147421918280347 
    -0.017816695009722 
    -0.172903064082756 
    -0.327352570191816 
    -0.472162362793070 
    -0.605651209021647 
    -0.723718175241162 
    -0.823682637147320 
    -0.902924221492283 
    -0.959493854570203 
    -0.991954472189605 
    -0.999496668289647 
    -0.981928645008638 
    -0.939692636732498 
    -0.873849367216235 
    -0.786053095088726 
    -0.678509408437795 
    -0.553920062576017 
    -0.415415011581048 
    -0.266473812935177 
    -0.110838199540410 
     0.047581915669995 
     0.204806667443369 
     0.356886220501395 
     0.499999998474454 
     0.630552665159866 
     0.745264447401249 
     0.841253530263615 
     0.916108454636078 
     0.967948698442131 
     0.995471919534867 
     0.997986673425991 
     0.975429783908353 
     0.928367930182656 
     0.857983410616375 
     0.766044440780978 
     0.654860731946625 
     0.527225466001391 
     0.386345124513983 
     0.235758934789883 
     0.079249956614914 
    -0.079249956614913 
    -0.235758934789881 
    -0.386345124513988 
    -0.527225466001389 
    -0.654860731946627 
    -0.766044440780974 
    -0.857983410616372 
    -0.928367930182658 
    -0.975429783908357 
    -0.997986673425989 
    -0.995471919534868 
    -0.967948698442131 
    -0.916108454636065 
    -0.841253530263641 
    -0.745264447401188 
    -0.630552665160024 
    -0.499999998474037 
    -0.356886220502487 
    -0.204806667440526 
    -0.047581915677444 
     0.110838199559909 
     0.266473812884129 
     0.415415011714695 
     0.553920062226130 
     0.678509409353794 
     0.786053092690601 
     0.873849373494626 
     0.939692620295459 
     0.981928688041343 
     0.999496555628563 
     0.991954767140172 
     0.959493082379594 
     0.902926243113457 
     0.823677344474622 
     0.723732031637623 
     0.605614932506189 
     0.472257335939728 
     0.327103927275801 
     0.173554019661921 
     0.016112471246446 
    -0.142960202722047 
    -0.295230787290485 
    -0.448490007611030 
    -0.568476306246196 
    -0.731793292833365 
    -0.725895637534745 
    -1.096640884193312 
    -0.406029436205670 
    -2.411758434677289 
     2.811900962770392 
    -8.511383038611520 
    36.619720306077525 
